6640222000.0,-1.89112591743,90.5093688965
6640224500.0,-1.89139044285,90.5642547607
6640227000.0,-1.89127480984,90.6278076172
6640229500.0,-1.89117920399,90.6903991699
6640232000.0,-1.89128947258,90.7369613647
6640234500.0,-1.89243209362,90.7917404175
6640237000.0,-1.89181995392,90.8617553711
6640239500.0,-1.8923406601,90.9220733643
6640242000.0,-1.8928655386,90.9892425537
6640244500.0,-1.89266896248,91.0434036255
6640247000.0,-1.89228343964,91.1038818359
6640249500.0,-1.89197051525,91.1672973633
6640252000.0,-1.89243042469,91.229385376
6640254500.0,-1.89289736748,91.2879180908
6640257000.0,-1.8937664032,91.3451309204
6640259500.0,-1.89258420467,91.3995361328
6640262000.0,-1.89385545254,91.4531097412
6640264500.0,-1.89368247986,91.5217590332
6640267000.0,-1.89363145828,91.5886230469
6640269500.0,-1.89423644543,91.6495895386
6640272000.0,-1.89447069168,91.7026367188
6640274500.0,-1.89467084408,91.7680435181
6640277000.0,-1.89470624924,91.8307037354
6640279500.0,-1.89355623722,91.8893356323
6640282000.0,-1.89417994022,91.9393997192
6640284500.0,-1.89454329014,91.9967803955
6640287000.0,-1.89408612251,92.0611724854
6640289500.0,-1.89322805405,92.1243057251
6640292000.0,-1.89327406883,92.1862411499
6640294500.0,-1.89395582676,92.2508544922
6640297000.0,-1.89471316338,92.304901123
6640299500.0,-1.89371490479,92.3666992188
6640302000.0,-1.89419543743,92.4305648804
6640304500.0,-1.89431869984,92.4888381958
6640307000.0,-1.89539802074,92.5417251587
6640309500.0,-1.89492511749,92.6016235352
6640312000.0,-1.89457345009,92.6596908569
6640314500.0,-1.89490568638,92.7125930786
6640317000.0,-1.89323508739,92.7852630615
6640319500.0,-1.89298546314,92.849319458
6640322000.0,-1.89336001873,92.907913208
6640324500.0,-1.89373171329,92.9643249512
6640327000.0,-1.89329600334,93.029624939
6640329500.0,-1.89379429817,93.0861587524
6640332000.0,-1.89406251907,93.1471786499
6640334500.0,-1.89414703846,93.2008514404
6640337000.0,-1.89443039894,93.2532730103
6640339500.0,-1.89437174797,93.3222198486
6640342000.0,-1.89441251755,93.3814697266
6640344500.0,-1.89497148991,93.4379348755
6640347000.0,-1.89483857155,93.5104141235
6640349500.0,-1.89576935768,93.556137085
6640352000.0,-1.89500141144,93.6284255981
6640354500.0,-1.89444720745,93.6856155396
6640357000.0,-1.89512956142,93.7394485474
6640359500.0,-1.89548790455,93.8005371094
6640362000.0,-1.89542722702,93.8509063721
6640364500.0,-1.89517700672,93.9164886475
6640367000.0,-1.89496243,93.9812774658
6640369500.0,-1.89483201504,94.0476531982
6640372000.0,-1.89537870884,94.1011657715
6640374500.0,-1.89530932903,94.1531295776
6640377000.0,-1.89517521858,94.2241287231
6640379500.0,-1.89529883862,94.2795639038
6640382000.0,-1.89505541325,94.347618103
6640384500.0,-1.89572477341,94.4019393921
6640387000.0,-1.89569616318,94.4554824829
6640389500.0,-1.89585053921,94.5127563477
6640392000.0,-1.89545381069,94.5732040405
6640394500.0,-1.89539897442,94.6412658691
6640397000.0,-1.8956502676,94.6930084229
6640399500.0,-1.89563453197,94.7542495728
6640402000.0,-1.89547765255,94.8123703003
6640404500.0,-1.89575147629,94.8740692139
6640407000.0,-1.89604234695,94.9389419556
6640409500.0,-1.89714097977,94.9965133667
6640412000.0,-1.89688229561,95.0484466553
6640414500.0,-1.89684724808,95.1089324951
6640417000.0,-1.89688408375,95.1634521484
6640419500.0,-1.89691865444,95.2216491699
6640422000.0,-1.89729654789,95.2899093628
6640424500.0,-1.89816045761,95.3445892334
6640427000.0,-1.89815175533,95.4047164917
6640429500.0,-1.89827167988,95.456741333
6640432000.0,-1.89843571186,95.5251541138
6640434500.0,-1.8990136385,95.5851745605
6640437000.0,-1.8994218111,95.6370391846
6640439500.0,-1.89949131012,95.6887512207
6640442000.0,-1.8994448185,95.7472686768
6640444500.0,-1.89964222908,95.8099594116
6640447000.0,-1.89922833443,95.8664474487
6640449500.0,-1.89899337292,95.9332427979
6640452000.0,-1.89864587784,95.995262146
6640454500.0,-1.90018391609,96.0430145264
6640457000.0,-1.89960706234,96.1129837036
6640459500.0,-1.90066170692,96.1687469482
6640462000.0,-1.9006203413,96.2276763916
6640464500.0,-1.90048289299,96.2835693359
6640467000.0,-1.90136349201,96.3470077515
6640469500.0,-1.90125155449,96.3877792358
6640472000.0,-1.90155661106,96.4580612183
6640474500.0,-1.90068900585,96.5146865845
6640477000.0,-1.90088820457,96.5791778564
6640479500.0,-1.90147030354,96.6371841431
6640482000.0,-1.90231633186,96.6940307617
6640484500.0,-1.90148615837,96.7562942505
6640487000.0,-1.90207219124,96.817741394
6640489500.0,-1.90293872356,96.8732452393
6640492000.0,-1.90175068378,96.9220199585
6640494500.0,-1.90259563923,96.9776306152
6640497000.0,-1.9019857645,97.0487289429
6640499500.0,-1.90306735039,97.0997695923
6640502000.0,-1.90249061584,97.1681289673
6640504500.0,-1.90348541737,97.2182769775
6640507000.0,-1.90343165398,97.2793960571
6640509500.0,-1.90276288986,97.3449707031
6640512000.0,-1.90392208099,97.3967208862
6640514500.0,-1.90457475185,97.4577026367
6640517000.0,-1.90398776531,97.5121765137
6640519500.0,-1.90397322178,97.5593719482
6640522000.0,-1.9045522213,97.6220321655
6640524500.0,-1.90400052071,97.6904373169
6640527000.0,-1.90516722202,97.7435913086
6640529500.0,-1.90521454811,97.806060791
6640532000.0,-1.9059098959,97.8629608154
6640534500.0,-1.90517389774,97.9236526489
6640537000.0,-1.90615522861,97.9788208008
6640539500.0,-1.90672910213,98.0442123413
6640542000.0,-1.90562927723,98.0955047607
6640544500.0,-1.90681648254,98.1415557861
6640547000.0,-1.9069865942,98.2066802979
6640549500.0,-1.90670657158,98.266204834
6640552000.0,-1.90674459934,98.3245315552
6640554500.0,-1.90724635124,98.3855133057
6640557000.0,-1.90735208988,98.4439926147
6640559500.0,-1.90847074986,98.4993896484
6640562000.0,-1.90874409676,98.5610733032
6640564500.0,-1.90821409225,98.6201324463
6640567000.0,-1.90748691559,98.6751556396
6640569500.0,-1.9074113369,98.7399139404
6640572000.0,-1.90755140781,98.7805938721
6640574500.0,-1.90828466415,98.8456573486
6640577000.0,-1.90784478188,98.9018554688
6640579500.0,-1.90877795219,98.9609832764
6640582000.0,-1.90935194492,99.0184249878
6640584500.0,-1.90926134586,99.0771636963
6640587000.0,-1.90949583054,99.1439971924
6640589500.0,-1.91000461578,99.1979217529
6640592000.0,-1.91064310074,99.2479476929
6640594500.0,-1.91149437428,99.3017959595
6640597000.0,-1.91134381294,99.3549957275
6640599500.0,-1.91165447235,99.4198379517
6640602000.0,-1.91180050373,99.4735107422
6640604500.0,-1.91218101978,99.5216445923
6640607000.0,-1.91114878654,99.5897064209
6640609500.0,-1.91204488277,99.6502227783
6640612000.0,-1.91253364086,99.7121658325
6640614500.0,-1.91182267666,99.7714767456
6640617000.0,-1.91222453117,99.8245239258
6640619500.0,-1.91291069984,99.871887207
6640622000.0,-1.91301131248,99.9306106567
6640624500.0,-1.91218590736,99.9858474731
6640627000.0,-1.91371893883,100.048309326
6640629500.0,-1.91325604916,100.103858948
6640632000.0,-1.91499626637,100.157554626
6640634500.0,-1.91518640518,100.211364746
6640637000.0,-1.91519165039,100.273330688
6640639500.0,-1.91539359093,100.332618713
6640642000.0,-1.91564106941,100.386100769
6640644500.0,-1.91551327705,100.444473267
6640647000.0,-1.9163864851,100.496139526
6640649500.0,-1.9174451828,100.543479919
6640652000.0,-1.91606974602,100.615036011
6640654500.0,-1.91671931744,100.671478271
6640657000.0,-1.91775417328,100.714668274
6640659500.0,-1.91752445698,100.773895264
6640662000.0,-1.91752958298,100.839996338
6640664500.0,-1.91765105724,100.892326355
6640667000.0,-1.9181470871,100.952171326
6640669500.0,-1.91886508465,101.006828308
6640672000.0,-1.91951334476,101.057220459
6640674500.0,-1.91952335835,101.116317749
6640677000.0,-1.9204338789,101.156913757
6640679500.0,-1.92011368275,101.226303101
6640682000.0,-1.92080068588,101.273445129
6640684500.0,-1.92140924931,101.330749512
6640687000.0,-1.92198729515,101.387886047
6640689500.0,-1.92197751999,101.446289063
6640692000.0,-1.92101299763,101.513786316
6640694500.0,-1.92096722126,101.573028564
6640697000.0,-1.92090034485,101.618377686
6640699500.0,-1.92237818241,101.670310974
6640702000.0,-1.92235279083,101.730812073
6640704500.0,-1.92220520973,101.777511597
6640707000.0,-1.92371141911,101.838317871
6640709500.0,-1.9242759943,101.892578125
6640712000.0,-1.92429947853,101.949493408
6640714500.0,-1.92363393307,102.011390686
6640717000.0,-1.92467367649,102.06136322
6640719500.0,-1.92607927322,102.110488892
6640722000.0,-1.92544150352,102.168785095
6640724500.0,-1.92669844627,102.216072083
6640727000.0,-1.92638039589,102.268287659
6640729500.0,-1.92742991447,102.325027466
6640732000.0,-1.92761206627,102.383323669
6640734500.0,-1.92795193195,102.428581238
6640737000.0,-1.92953062057,102.488952637
6640739500.0,-1.93041777611,102.547149658
6640742000.0,-1.93018877506,102.597808838
6640744500.0,-1.93139088154,102.649276733
6640747000.0,-1.93131422997,102.703224182
6640749500.0,-1.9319601059,102.758796692
6640752000.0,-1.93116605282,102.810943604
6640754500.0,-1.93181228638,102.854606628
6640757000.0,-1.93229806423,102.914749146
6640759500.0,-1.93266761303,102.97354126
6640762000.0,-1.93301022053,103.018508911
6640764500.0,-1.9334833622,103.080535889
6640767000.0,-1.93422472477,103.132469177
6640769500.0,-1.93438851833,103.183700562
6640772000.0,-1.93548703194,103.23399353
6640774500.0,-1.93474185467,103.287414551
6640777000.0,-1.9372843504,103.336280823
6640779500.0,-1.93795835972,103.382072449
6640782000.0,-1.93786096573,103.43170166
6640784500.0,-1.93762123585,103.499671936
6640787000.0,-1.93903076649,103.541366577
6640789500.0,-1.93969798088,103.60369873
6640792000.0,-1.93963110447,103.655632019
6640794500.0,-1.93997108936,103.71346283
6640797000.0,-1.94054377079,103.759109497
6640799500.0,-1.9414473772,103.812347412
6640802000.0,-1.94261276722,103.858596802
6640804500.0,-1.94315958023,103.905265808
6640807000.0,-1.94396090508,103.947364807
6640809500.0,-1.94399130344,104.009017944
6640812000.0,-1.94508707523,104.048957825
6640814500.0,-1.94551837444,104.111434937
6640817000.0,-1.94647049904,104.165367126
6640819500.0,-1.94709026814,104.207817078
6640822000.0,-1.94748044014,104.261276245
6640824500.0,-1.94916093349,104.30821991
6640827000.0,-1.95003509521,104.36151886
6640829500.0,-1.95014250278,104.408309937
6640832000.0,-1.950086236,104.461982727
6640834500.0,-1.95158493519,104.50176239
6640837000.0,-1.95082128048,104.552474976
6640839500.0,-1.95323193073,104.610641479
6640842000.0,-1.95368182659,104.654968262
6640844500.0,-1.95338737965,104.709403992
6640847000.0,-1.95410549641,104.755386353
6640849500.0,-1.95552921295,104.804336548
6640852000.0,-1.95717120171,104.847488403
6640854500.0,-1.9578127861,104.892684937
6640857000.0,-1.95816063881,104.944358826
6640859500.0,-1.95944404602,104.985336304
6640862000.0,-1.95996797085,105.032531738
6640864500.0,-1.96027112007,105.094215393
6640867000.0,-1.96055710316,105.139030457
6640869500.0,-1.96167218685,105.188735962
6640872000.0,-1.96355831623,105.232688904
6640874500.0,-1.96404755116,105.283210754
6640877000.0,-1.96602571011,105.320289612
6640879500.0,-1.96678626537,105.3673172
6640882000.0,-1.96681833267,105.412193298
6640884500.0,-1.96736180782,105.451438904
6640887000.0,-1.96857893467,105.495399475
6640889500.0,-1.96867966652,105.541923523
6640892000.0,-1.97041201591,105.595085144
6640894500.0,-1.971393466,105.644355774
6640897000.0,-1.97305321693,105.685073853
6640899500.0,-1.97477197647,105.726112366
6640902000.0,-1.97623705864,105.766967773
6640904500.0,-1.97767663002,105.810691833
6640907000.0,-1.97804367542,105.855041504
6640909500.0,-1.97784638405,105.894767761
6640912000.0,-1.97942280769,105.937919617
6640914500.0,-1.98074352741,105.97543335
6640917000.0,-1.98171901703,106.024543762
6640919500.0,-1.98407721519,106.060661316
6640922000.0,-1.98469376564,106.110321045
6640924500.0,-1.98572254181,106.150917053
6640927000.0,-1.98699390888,106.190895081
6640929500.0,-1.98899269104,106.225875854
6640932000.0,-1.9892385006,106.269805908
6640934500.0,-1.99167609215,106.292160034
6640937000.0,-1.99338400364,106.333023071
6640939500.0,-1.99486768246,106.379684448
6640942000.0,-1.99585175514,106.413948059
6640944500.0,-1.9978094101,106.458808899
6640947000.0,-1.99890947342,106.493766785
6640949500.0,-1.99996864796,106.538513184
6640952000.0,-2.00121212006,106.580169678
6640954500.0,-2.00326347351,106.609344482
6640957000.0,-2.0048956871,106.642486572
6640959500.0,-2.00740218163,106.672698975
6640962000.0,-2.00883388519,106.700294495
6640964500.0,-2.01102137566,106.735801697
6640967000.0,-2.01344442368,106.769935608
6640969500.0,-2.01435518265,106.792327881
6640972000.0,-2.01676869392,106.837463379
6640974500.0,-2.01886749268,106.86907959
6640977000.0,-2.02116155624,106.904525757
6640979500.0,-2.02290534973,106.932273865
6640982000.0,-2.02529501915,106.956581116
6640984500.0,-2.02619028091,106.984962463
6640987000.0,-2.02807164192,107.010475159
6640989500.0,-2.03140664101,107.037986755
6640992000.0,-2.03340435028,107.068870544
6640994500.0,-2.03534913063,107.094932556
6640997000.0,-2.03693914413,107.123924255
6640999500.0,-2.04054832458,107.141174316
6641002000.0,-2.0426735878,107.166412354
6641004500.0,-2.0452401638,107.191680908
6641007000.0,-2.04833292961,107.212158203
6641009500.0,-2.05057883263,107.231529236
6641012000.0,-2.05327486992,107.243682861
6641014500.0,-2.05585098267,107.259208679
6641017000.0,-2.05927157402,107.285713196
6641019500.0,-2.06260824203,107.296379089
6641022000.0,-2.06554198265,107.311279297
6641024500.0,-2.06814718246,107.335762024
6641027000.0,-2.07172632217,107.346992493
6641029500.0,-2.07562112808,107.358276367
6641032000.0,-2.07889652252,107.370147705
6641034500.0,-2.08252906799,107.372840881
6641037000.0,-2.08593249321,107.380271912
6641039500.0,-2.08921480179,107.378578186
6641042000.0,-2.09302759171,107.390525818
6641044500.0,-2.09661364555,107.398544312
6641047000.0,-2.1020834446,107.388748169
6641049500.0,-2.10581707954,107.39364624
6641052000.0,-2.11050319672,107.395477295
6641054500.0,-2.11545443535,107.389862061
6641057000.0,-2.11954426765,107.383743286
6641059500.0,-2.12373757362,107.379554749
6641062000.0,-2.12967038155,107.363586426
6641064500.0,-2.13557934761,107.341880798
6641067000.0,-2.14117383957,107.317718506
6641069500.0,-2.14584755898,107.314117432
6641072000.0,-2.15168499947,107.295677185
6641074500.0,-2.15705275536,107.277618408
6641077000.0,-2.1643652916,107.252983093
6641079500.0,-2.17110919952,107.227668762
6641082000.0,-2.17816781998,107.191474915
6641084500.0,-2.18375563622,107.1537323
6641087000.0,-2.19174408913,107.114120483
6641089500.0,-2.20053505898,107.064285278
6641092000.0,-2.20802259445,107.007781982
6641094500.0,-2.21561574936,106.977516174
6641097000.0,-2.22415733337,106.915267944
6641099500.0,-2.23418283463,106.863540649
6641102000.0,-2.24306178093,106.796218872
6641104500.0,-2.25295305252,106.732917786
6641107000.0,-2.26385593414,106.654449463
6641109500.0,-2.27461528778,106.574310303
6641112000.0,-2.28708839417,106.48323822
6641114500.0,-2.29968214035,106.3853302
6641117000.0,-2.31223201752,106.279563904
6641119500.0,-2.32584404945,106.175605774
6641122000.0,-2.33980679512,106.058326721
6641124500.0,-2.35446739197,105.935127258
6641127000.0,-2.37109470367,105.812103271
6641129500.0,-2.38842916489,105.662696838
6641132000.0,-2.4070854187,105.506584167
6641134500.0,-2.42618656158,105.336296082
6641137000.0,-2.44702291489,105.165756226
6641139500.0,-2.46900558472,104.963592529
6641142000.0,-2.49264907837,104.754669189
6641144500.0,-2.51899528503,104.52469635
6641147000.0,-2.54716491699,104.289344788
6641149500.0,-2.57650136948,104.020996094
6641152000.0,-2.6099755764,103.73601532
6641154500.0,-2.64549827576,103.428840637
6641157000.0,-2.6831870079,103.104759216
6641159500.0,-2.72558307648,102.75328064
6641162000.0,-2.77154946327,102.353340149
6641164500.0,-2.82232809067,101.921905518
6641167000.0,-2.87920475006,101.448295593
6641169500.0,-2.94152355194,100.934646606
6641172000.0,-3.01181912422,100.369728088
6641174500.0,-3.09198331833,99.7486801147
6641177000.0,-3.18150281906,99.0737228394
6641179500.0,-3.28351831436,98.3200302124
6641182000.0,-3.4008641243,97.4821472168
6641184500.0,-3.53416013718,96.5447463989
6641187000.0,-3.69489455223,95.4829177856
6641189500.0,-3.88088321686,94.3084869385
6641192000.0,-4.10472393036,92.9727706909
6641194500.0,-4.37369728088,91.4738845825
6641197000.0,-4.70304489136,89.7850494385
6641199500.0,-5.1207485199,87.837097168
6641202000.0,-5.64808320999,85.6418533325
6641204500.0,-6.33842802048,83.1896972656
6641207000.0,-7.26358747482,80.5045318604
6641209500.0,-8.56041908264,77.7144927979
6641212000.0,-10.4562692642,75.3997116089
6641214500.0,-13.4384374619,75.4704589844
6641217000.0,-18.5799636841,87.5074615479
6641219500.0,-21.6178455353,153.835327148
6641222000.0,-14.6846084595,-173.450119019
6641224500.0,-10.1336517334,-172.284454346
6641227000.0,-7.30755567551,-177.077011108
6641229500.0,-5.4546957016,176.774642944
6641232000.0,-4.21575832367,170.671554565
6641234500.0,-3.3731637001,165.080627441
6641237000.0,-2.79834699631,160.194503784
6641239500.0,-2.3995552063,155.979049683
6641242000.0,-2.12072253227,152.370544434
6641244500.0,-1.92386031151,149.289962769
6641247000.0,-1.78445422649,146.641799927
6641249500.0,-1.6838735342,144.389862061
6641252000.0,-1.61276996136,142.436065674
6641254500.0,-1.56063401699,140.725769043
6641257000.0,-1.52250683308,139.239349365
6641259500.0,-1.49667775631,137.933883667
6641262000.0,-1.47870922089,136.765579224
6641264500.0,-1.46617090702,135.735946655
6641267000.0,-1.45762550831,134.818099976
6641269500.0,-1.4532763958,133.987594604
6641272000.0,-1.45138645172,133.246307373
6641274500.0,-1.45101344585,132.566101074
6641277000.0,-1.4520380497,131.967163086
6641279500.0,-1.45502865314,131.416030884
6641282000.0,-1.45889866352,130.906799316
6641284500.0,-1.46243667603,130.460189819
6641287000.0,-1.4678812027,130.022201538
6641289500.0,-1.47198760509,129.641433716
6641292000.0,-1.47706675529,129.290618896
6641294500.0,-1.4829210043,128.956558228
6641297000.0,-1.48868763447,128.645828247
6641299500.0,-1.49387300014,128.360778809
6641302000.0,-1.49961519241,128.100631714
6641304500.0,-1.50461244583,127.878547668
6641307000.0,-1.50962293148,127.644927979
6641309500.0,-1.51513886452,127.445701599
6641312000.0,-1.52049434185,127.257827759
6641314500.0,-1.52581417561,127.078643799
6641317000.0,-1.53048956394,126.919746399
6641319500.0,-1.5355809927,126.762107849
6641322000.0,-1.54020535946,126.62121582
6641324500.0,-1.54466223717,126.480018616
6641327000.0,-1.54944050312,126.348197937
6641329500.0,-1.55340945721,126.243301392
6641332000.0,-1.5582139492,126.13609314
6641334500.0,-1.56390988827,126.026824951
6641337000.0,-1.5675162077,125.944152832
6641339500.0,-1.570936203,125.861381531
6641342000.0,-1.57525777817,125.776351929
6641344500.0,-1.57820081711,125.706214905
6641347000.0,-1.58243727684,125.640525818
6641349500.0,-1.5858695507,125.572647095
6641352000.0,-1.58889472485,125.509887695
6641354500.0,-1.59208714962,125.461120605
6641357000.0,-1.59637391567,125.412971497
6641359500.0,-1.5992667675,125.362327576
6641362000.0,-1.60252594948,125.327316284
6641364500.0,-1.60485136509,125.288986206
6641367000.0,-1.60910415649,125.256759644
6641369500.0,-1.61257016659,125.221817017
6641372000.0,-1.6149750948,125.195045471
6641374500.0,-1.61723458767,125.172424316
6641377000.0,-1.62037980556,125.134681702
6641379500.0,-1.62345612049,125.114257813
6641382000.0,-1.62590944767,125.109588623
6641384500.0,-1.62834072113,125.082580566
6641387000.0,-1.63046646118,125.082839966
6641389500.0,-1.6338095665,125.070762634
6641392000.0,-1.63624322414,125.065010071
6641394500.0,-1.63917088509,125.056365967
6641397000.0,-1.6410741806,125.051635742
6641399500.0,-1.64338672161,125.047225952
6641402000.0,-1.64551770687,125.048240662
6641404500.0,-1.64761781693,125.042526245
6641407000.0,-1.64944911003,125.053260803
6641409500.0,-1.65157711506,125.056976318
6641412000.0,-1.65415179729,125.055107117
6641414500.0,-1.65515625477,125.072418213
6641417000.0,-1.65811169147,125.083320618
6641419500.0,-1.65922784805,125.096748352
6641422000.0,-1.66152858734,125.102508545
6641424500.0,-1.66359448433,125.115325928
6641427000.0,-1.66465699673,125.124137878
6641429500.0,-1.66701030731,125.145706177
6641432000.0,-1.66902983189,125.155387878
6641434500.0,-1.67052972317,125.174133301
6641437000.0,-1.67195546627,125.195144653
6641439500.0,-1.6735688448,125.220222473
6641442000.0,-1.67484331131,125.241958618
6641444500.0,-1.67650139332,125.259986877
6641447000.0,-1.67785537243,125.282089233
6641449500.0,-1.67912244797,125.307685852
6641452000.0,-1.68119978905,125.327003479
6641454500.0,-1.68205177784,125.354804993
6641457000.0,-1.68334817886,125.383010864
6641459500.0,-1.68452215195,125.405944824
6641462000.0,-1.68551945686,125.431739807
6641464500.0,-1.68740344048,125.464279175
6641467000.0,-1.68861842155,125.487953186
6641469500.0,-1.69091010094,125.521598816
6641472000.0,-1.69175970554,125.552932739
6641474500.0,-1.69197225571,125.585990906
6641477000.0,-1.69439482689,125.614143372
6641479500.0,-1.69539821148,125.637916565
6641482000.0,-1.69661796093,125.672409058
6641484500.0,-1.6978315115,125.705505371
6641487000.0,-1.69983100891,125.734237671
6641489500.0,-1.70101761818,125.77986145
6641492000.0,-1.70087754726,125.802742004
6641494500.0,-1.70162117481,125.852096558
6641497000.0,-1.7024474144,125.883094788
6641499500.0,-1.70398759842,125.927047729
6641502000.0,-1.70524740219,125.957115173
6641504500.0,-1.70631313324,125.983016968
6641507000.0,-1.70745611191,126.018562317
6641509500.0,-1.70750880241,126.065826416
6641512000.0,-1.70851659775,126.108581543
6641514500.0,-1.70965242386,126.140411377
6641517000.0,-1.71127223969,126.186157227
6641519500.0,-1.71196126938,126.220336914
6641522000.0,-1.71366798878,126.266677856
6641524500.0,-1.71289265156,126.308151245
6641527000.0,-1.7146884203,126.349578857
6641529500.0,-1.71618950367,126.386009216
6641532000.0,-1.71662688255,126.423576355
6641534500.0,-1.71781599522,126.464828491
6641537000.0,-1.71762883663,126.516235352
6641539500.0,-1.71843194962,126.55859375
6641542000.0,-1.71832883358,126.597190857
6641544500.0,-1.7195084095,126.640792847
6641547000.0,-1.72082686424,126.682991028
6641549500.0,-1.72142291069,126.728012085
6641552000.0,-1.72234654427,126.773635864
6641554500.0,-1.72314202785,126.822158813
6641557000.0,-1.72369778156,126.856887817
6641559500.0,-1.72473788261,126.890861511
6641562000.0,-1.72497403622,126.939476013
6641564500.0,-1.72572767735,126.993881226
6641567000.0,-1.72720181942,127.033721924
6641569500.0,-1.72698771954,127.083686829
6641572000.0,-1.72874605656,127.1276474
6641574500.0,-1.72853910923,127.175933838
6641577000.0,-1.72997009754,127.225631714
6641579500.0,-1.73013699055,127.272621155
6641582000.0,-1.731128335,127.313522339
6641584500.0,-1.73226904869,127.355079651
6641587000.0,-1.73402094841,127.401374817
6641589500.0,-1.73398244381,127.453063965
6641592000.0,-1.73458743095,127.501678467
6641594500.0,-1.73415970802,127.548881531
6641597000.0,-1.73500072956,127.600608826
6641599500.0,-1.73642969131,127.645126343
6641602000.0,-1.73691427708,127.696807861
6641604500.0,-1.73814082146,127.74747467
6641607000.0,-1.73803842068,127.790023804
6641609500.0,-1.73873341084,127.830612183
6641612000.0,-1.73942923546,127.885032654
6641614500.0,-1.74028337002,127.930915833
6641617000.0,-1.74141287804,127.989654541
6641619500.0,-1.74152576923,128.030426025
6641622000.0,-1.74221611023,128.084899902
6641624500.0,-1.74194526672,128.134658813
6641627000.0,-1.74321758747,128.188995361
6641629500.0,-1.74335610867,128.239471436
6641632000.0,-1.74409389496,128.288085938
6641634500.0,-1.74389159679,128.336364746
6641637000.0,-1.74486577511,128.382659912
6641639500.0,-1.74481582642,128.427261353
6641642000.0,-1.74613690376,128.482254028
6641644500.0,-1.74586963654,128.534500122
6641647000.0,-1.74641823769,128.588745117
6641649500.0,-1.7478454113,128.638366699
6641652000.0,-1.74764633179,128.700469971
6641654500.0,-1.74842870235,128.748062134
6641657000.0,-1.74884605408,128.799728394
6641659500.0,-1.749827981,128.849151611
6641662000.0,-1.7502399683,128.896743774
6641664500.0,-1.74998533726,128.942871094
6641667000.0,-1.7509059906,129.003570557
6641669500.0,-1.75075125694,129.056091309
6641672000.0,-1.75126898289,129.102539063
6641674500.0,-1.75131583214,129.159851074
6641677000.0,-1.75177466869,129.217651367
6641679500.0,-1.75217151642,129.272201538
6641682000.0,-1.75243914127,129.324203491
6641684500.0,-1.75302541256,129.375427246
6641687000.0,-1.75354063511,129.422454834
6641689500.0,-1.75470948219,129.469772339
6641692000.0,-1.75457322598,129.526565552
6641694500.0,-1.75495791435,129.580932617
6641697000.0,-1.75623011589,129.629989624
6641699500.0,-1.75590765476,129.687927246
6641702000.0,-1.75617039204,129.7474823
6641704500.0,-1.75509631634,129.803894043
6641707000.0,-1.75657212734,129.853775024
6641709500.0,-1.75710892677,129.914352417
6641712000.0,-1.7573018074,129.95652771
6641714500.0,-1.7580704689,130.012664795
6641717000.0,-1.75867700577,130.06892395
6641719500.0,-1.75861215591,130.117477417
6641722000.0,-1.75972151756,130.169387817
6641724500.0,-1.75903356075,130.22869873
6641727000.0,-1.75914132595,130.28805542
6641729500.0,-1.76008677483,130.340515137
6641732000.0,-1.76046621799,130.405685425
6641734500.0,-1.76146018505,130.448486328
6641737000.0,-1.76225018501,130.501068115
6641739500.0,-1.76103627682,130.559356689
6641742000.0,-1.76223230362,130.61239624
6641744500.0,-1.76265656948,130.663024902
6641747000.0,-1.76324927807,130.714797974
6641749500.0,-1.76323258877,130.77557373
6641752000.0,-1.76290011406,130.831695557
6641754500.0,-1.7641402483,130.889816284
6641757000.0,-1.76459574699,130.947219849
6641759500.0,-1.76437950134,131.006011963
6641762000.0,-1.76555669308,131.05506897
6641764500.0,-1.76575434208,131.103881836
6641767000.0,-1.76574456692,131.161499023
6641769500.0,-1.76568460464,131.221710205
6641772000.0,-1.76558661461,131.279144287
6641774500.0,-1.76573097706,131.326599121
6641777000.0,-1.76699733734,131.385742188
6641779500.0,-1.76736962795,131.443054199
6641782000.0,-1.76681613922,131.495147705
6641784500.0,-1.767578125,131.560531616
6641787000.0,-1.76619136333,131.619064331
6641789500.0,-1.76724004745,131.666946411
6641792000.0,-1.76752054691,131.727478027
6641794500.0,-1.76863658428,131.775909424
6641797000.0,-1.7687048912,131.830047607
6641799500.0,-1.76924014091,131.889221191
6641802000.0,-1.76898050308,131.944381714
6641804500.0,-1.7697634697,132.007064819
6641807000.0,-1.76850938797,132.06161499
6641809500.0,-1.77048552036,132.116744995
6641812000.0,-1.7705398798,132.173980713
6641814500.0,-1.77118384838,132.228973389
6641817000.0,-1.77058541775,132.284500122
6641819500.0,-1.77042245865,132.337905884
6641822000.0,-1.7702382803,132.402587891
6641824500.0,-1.77024042606,132.456298828
6641827000.0,-1.77203416824,132.5078125
6641829500.0,-1.77304112911,132.565963745
6641832000.0,-1.77236020565,132.628448486
6641834500.0,-1.77219843864,132.680770874
6641837000.0,-1.77371692657,132.74105835
6641839500.0,-1.7735875845,132.80279541
6641842000.0,-1.77302646637,132.858612061
6641844500.0,-1.77289998531,132.906967163
6641847000.0,-1.77348232269,132.960968018
6641849500.0,-1.77319502831,133.03062439
6641852000.0,-1.77425539494,133.083236694
6641854500.0,-1.77431833744,133.137390137
6641857000.0,-1.77512168884,133.19291687
6641859500.0,-1.77490830421,133.245147705
6641862000.0,-1.77449989319,133.317565918
6641864500.0,-1.77511370182,133.37538147
6641867000.0,-1.77501130104,133.430450439
6641869500.0,-1.77569580078,133.482086182
6641872000.0,-1.77594339848,133.537689209
6641874500.0,-1.77642846107,133.590484619
6641877000.0,-1.77604413033,133.658447266
6641879500.0,-1.77596509457,133.702590942
6641882000.0,-1.77682697773,133.772567749
6641884500.0,-1.77731132507,133.825302124
6641887000.0,-1.7769203186,133.892501831
6641889500.0,-1.77689504623,133.951873779
6641892000.0,-1.7770935297,134.012710571
6641894500.0,-1.77726495266,134.066207886
6641897000.0,-1.77744555473,134.127670288
6641899500.0,-1.77738249302,134.16784668
6641902000.0,-1.77743029594,134.23979187
6641904500.0,-1.77802240849,134.293029785
6641907000.0,-1.77854037285,134.351074219
6641909500.0,-1.77919995785,134.40461731
6641912000.0,-1.77785646915,134.478042603
6641914500.0,-1.77879965305,134.53527832
6641917000.0,-1.7800194025,134.584564209
6641919500.0,-1.78087699413,134.637634277
6641922000.0,-1.7804864645,134.697265625
6641924500.0,-1.781021595,134.748672485
6641927000.0,-1.7816349268,134.805618286
6641929500.0,-1.78167295456,134.866348267
6641932000.0,-1.78130817413,134.930618286
6641934500.0,-1.78106915951,134.994400024
6641937000.0,-1.7816388607,135.046234131
6641939500.0,-1.78107202053,135.113067627
6641942000.0,-1.78204929829,135.16619873
6641944500.0,-1.7822278738,135.218826294
6641947000.0,-1.78247582912,135.28263855
6641949500.0,-1.78205299377,135.336776733
6641952000.0,-1.78151679039,135.397003174
6641954500.0,-1.78206920624,135.457046509
6641957000.0,-1.78349137306,135.504821777
6641959500.0,-1.78269469738,135.579162598
6641962000.0,-1.78274357319,135.633605957
6641964500.0,-1.78255224228,135.699966431
6641967000.0,-1.78246474266,135.759979248
6641969500.0,-1.78239989281,135.813766479
6641972000.0,-1.78299129009,135.868988037
6641974500.0,-1.78284180164,135.926803589
6641977000.0,-1.78432166576,135.981719971
6641979500.0,-1.78476238251,136.037734985
6641982000.0,-1.78476512432,136.09197998
6641984500.0,-1.78369724751,136.173568726
6641987000.0,-1.78458929062,136.227371216
6641989500.0,-1.78565847874,136.273773193
6641992000.0,-1.78517961502,136.337020874
6641994500.0,-1.78620195389,136.394882202
6641997000.0,-1.78451704979,136.45513916
6641999500.0,-1.78559410572,136.506912231
6642002000.0,-1.78590190411,136.572662354
6642004500.0,-1.78591382504,136.635223389
6642007000.0,-1.78550291061,136.680892944
6642009500.0,-1.78505706787,136.753189087
6642012000.0,-1.78539025784,136.818878174
6642014500.0,-1.78506243229,136.865982056
6642017000.0,-1.78610527515,136.931945801
6642019500.0,-1.78639984131,136.993377686
6642022000.0,-1.78640294075,137.04498291
6642024500.0,-1.78623056412,137.102783203
6642027000.0,-1.78625392914,137.165802002
6642029500.0,-1.78658676147,137.222839355
6642032000.0,-1.78821265697,137.272583008
6642034500.0,-1.78768980503,137.334106445
6642037000.0,-1.78740620613,137.402877808
6642039500.0,-1.78765761852,137.463775635
6642042000.0,-1.7876200676,137.510101318
6642044500.0,-1.78796684742,137.588058472
6642047000.0,-1.78858494759,137.6328125
6642049500.0,-1.78887057304,137.691757202
6642052000.0,-1.78815960884,137.751739502
6642054500.0,-1.78861761093,137.815750122
6642057000.0,-1.78851509094,137.877151489
6642059500.0,-1.78914439678,137.921539307
6642062000.0,-1.78871011734,137.993255615
6642064500.0,-1.78865921497,138.056777954
6642067000.0,-1.78951704502,138.104858398
6642069500.0,-1.78950476646,138.177383423
6642072000.0,-1.78996789455,138.232650757
6642074500.0,-1.78984153271,138.284820557
6642077000.0,-1.79030883312,138.34286499
6642079500.0,-1.78989648819,138.404006958
6642082000.0,-1.7897452116,138.467056274
6642084500.0,-1.79125881195,138.517379761
6642087000.0,-1.79084908962,138.581436157
6642089500.0,-1.78972387314,138.641601563
6642092000.0,-1.79107248783,138.705490112
6642094500.0,-1.79149580002,138.758850098
6642097000.0,-1.79148030281,138.825759888
6642099500.0,-1.79092228413,138.882095337
6642102000.0,-1.79149091244,138.943771362
6642104500.0,-1.7916020155,139.000823975
6642107000.0,-1.79129517078,139.061752319
6642109500.0,-1.79211521149,139.112014771
6642112000.0,-1.79016458988,139.184204102
6642114500.0,-1.79188799858,139.239196777
6642117000.0,-1.79203605652,139.303497314
6642119500.0,-1.79230892658,139.364593506
6642122000.0,-1.79233777523,139.425842285
6642124500.0,-1.79221737385,139.484527588
6642127000.0,-1.79263687134,139.543029785
6642129500.0,-1.79337656498,139.600967407
6642132000.0,-1.79341673851,139.649963379
6642134500.0,-1.7936425209,139.715499878
6642137000.0,-1.79302334785,139.777069092
6642139500.0,-1.79245388508,139.836196899
6642142000.0,-1.79225850105,139.910049438
6642144500.0,-1.79258048534,139.966674805
6642147000.0,-1.79277718067,140.014694214
6642149500.0,-1.79244089127,140.088668823
6642152000.0,-1.79267334938,140.146286011
6642154500.0,-1.79301476479,140.19921875
6642157000.0,-1.79339575768,140.260375977
6642159500.0,-1.7928763628,140.317550659
6642162000.0,-1.79229569435,140.380447388
6642164500.0,-1.7933883667,140.438201904
6642167000.0,-1.79421675205,140.495162964
6642169500.0,-1.79472994804,140.562271118
6642172000.0,-1.79583930969,140.612518311
6642174500.0,-1.79436278343,140.683380127
6642177000.0,-1.79460406303,140.745193481
6642179500.0,-1.79431498051,140.801483154
6642182000.0,-1.79455339909,140.862792969
6642184500.0,-1.79528987408,140.920043945
6642187000.0,-1.79457521439,140.971466064
6642189500.0,-1.79456019402,141.041778564
6642192000.0,-1.79468989372,141.098266602
6642194500.0,-1.79526090622,141.1615448
6642197000.0,-1.79480576515,141.217788696
6642199500.0,-1.79553544521,141.280426025
6642202000.0,-1.79516124725,141.341751099
6642204500.0,-1.79483377934,141.401229858
6642207000.0,-1.79541051388,141.464950562
6642209500.0,-1.79711019993,141.515045166
6642212000.0,-1.7957572937,141.575759888
6642214500.0,-1.79646146297,141.636245728
6642217000.0,-1.79524600506,141.697021484
6642219500.0,-1.79490983486,141.771118164
6642222000.0,-1.79511523247,141.833587646
